Index of cell-cell interfaces:
          id Cell Type 1							 Cell Type 2	
           1 fibroblast                              cardiomyocyte                           
           2 macrophage                              macrophage                              
           3 macrophage                              endothelial cell                        
           4 endothelial cell                        adipocyte                               
           5 glial cell                              glial cell                              
           6 endothelial cell                        cardiomyocyte                           
           7 alveolar cell                           fibroblast                              
           8 alveolar cell                           endothelial cell                        
           9 fibroblast                              alveolar cell                           
          10 endothelial cell                        fibroblast                              
          11 cardiomyocyte                           fibroblast                              
          12 endothelial cell                        smooth muscle cell                      
          13 adipocyte                               macrophage                              
          14 fibroblast                              fibroblast                              
          15 macrophage                              smooth muscle cell                      
          16 cardiomyocyte                           endothelial cell                        
          17 smooth muscle cell                      macrophage                              
          18 keratinocyte                            fibroblast                              
          19 macrophage                              keratinocyte                            
          20 fibroblast                              keratinocyte                            
          21 endothelial cell                        macrophage                              
          22 macrophage                              adipocyte                               
          23 hepatocyte                              endothelial cell                        
          24 macrophage                              cardiomyocyte                           
          25 macrophage                              fibroblast                              
          26 fibroblast                              endothelial cell                        
          27 alveolar cell                           macrophage                              
          28 keratinocyte                            keratinocyte                            
          29 endothelial cell                        glial cell                              
          30 hematopoietic cell                      fibroblast                              
          31 endothelial cell                        hematopoietic cell                      
          32 endothelial cell                        hepatocyte                              
          33 endothelial cell                        endothelial cell                        
          34 hematopoietic cell                      hematopoietic cell                      
          35 fibroblast                              chondrocyte                             
          36 hepatocyte                              hepatocyte                              
          37 cardiomyocyte                           smooth muscle cell                      
          38 smooth muscle cell                      smooth muscle cell                      
          39 smooth muscle cell                      endothelial cell                        
          40 macrophage                              glial cell                              
          41 endothelial cell                        keratinocyte               

The Jaccard Similarity between all different cell-cell interfaces
           1             2    0.25999999046325684     
           1             3    0.29149797558784485     
           1             4    0.29530200362205505     
           1             5    0.17006802558898926     
           1             6    0.44162437319755554     
           1             7    0.37062937021255493     
           1             8    0.28282827138900757     
           1             9    0.37062937021255493     
           1            10    0.40718561410903931     
           1            11     1.0000000000000000     
           1            12    0.18229167163372040     
           1            13    0.31874999403953552     
           1            14    0.26923078298568726     
           1            15    0.20526315271854401     
           1            16    0.44162437319755554     
           1            17    0.20526315271854401     
           1            18    0.25000000000000000     
           1            19    0.26785713434219360     
           1            20    0.25000000000000000     
           1            21    0.29149797558784485     
           1            22    0.31874999403953552     
           1            23    0.21078431606292725     
           1            24    0.50000000000000000     
           1            25    0.43181818723678589     
           1            26    0.40718561410903931     
           1            27    0.32596686482429504     
           1            28    0.10852713137865067     
           1            29    0.25123152136802673     
           1            30    0.27528089284896851     
           1            31    0.18595041334629059     
           1            32    0.21078431606292725     
           1            33    0.21568627655506134     
           1            34     9.6446700394153595E-002
           1            35    0.23199999332427979     
           1            36    0.15333333611488342     
           1            37    0.24844720959663391     
           1            38     7.2463765740394592E-002
           1            39    0.18229167163372040     
           1            40    0.26530611515045166     
           1            41    0.24022346735000610     
           2             3    0.40663900971412659     
           2             4    0.17032967507839203     
           2             5    0.14970059692859650     
           2             6    0.24081632494926453     
           2             7    0.21348313987255096     
           2             8    0.18614718317985535     
           2             9    0.21348313987255096     
           2            10    0.21428571641445160     
           2            11    0.25999999046325684     
           2            12    0.14351852238178253     
           2            13    0.35882353782653809     
           2            14    0.17834395170211792     
           2            15    0.33870968222618103     
           2            16    0.24081632494926453     
           2            17    0.33870968222618103     
           2            18    0.17469879984855652     
           2            19    0.38690477609634399     
           2            20    0.17469879984855652     
           2            21    0.40663900971412659     
           2            22    0.35882353782653809     
           2            23    0.17105263471603394     
           2            24    0.47342994809150696     
           2            25    0.51111114025115967     
           2            26    0.21428571641445160     
           2            27    0.43646410107612610     
           2            28     9.3959733843803406E-002
           2            29    0.20175439119338989     
           2            30    0.24120603501796722     
           2            31    0.18532818555831909     
           2            32    0.17105263471603394     
           2            33    0.16017316281795502     
           2            34    0.14563107490539551     
           2            35    0.15231788158416748     
           2            36    0.15568862855434418     
           2            37    0.15706805884838104     
           2            38     7.0063695311546326E-002
           2            39    0.14351852238178253     
           2            40    0.39583334326744080     
           2            41    0.18048781156539917     
           3             4    0.25560536980628967     
           3             5    0.12608695030212402     
           3             6    0.44921875000000000     
           3             7    0.19409282505512238     
           3             8    0.36947789788246155     
           3             9    0.19409282505512238     
           3            10    0.40611353516578674     
           3            11    0.29149797558784485     
           3            12    0.29752066731452942     
           3            13    0.30701753497123718     
           3            14    0.14027149975299835     
           3            15    0.38596490025520325     
           3            16    0.44921875000000000     
           3            17    0.38596490025520325     
           3            18    0.16444444656372070     
           3            19    0.32158589363098145     
           3            20    0.16444444656372070     
           3            21     1.0000000000000000     
           3            22    0.30701753497123718     
           3            23    0.31496062874794006     
           3            24    0.41444867849349976     
           3            25    0.40663900971412659     
           3            26    0.40611353516578674     
           3            27    0.35123968124389648     
           3            28     7.9812206327915192E-002
           3            29    0.40909090638160706     
           3            30    0.22178988158702850     
           3            31    0.36000001430511475     
           3            32    0.31496062874794006     
           3            33    0.37860083580017090     
           3            34    0.13059701025485992     
           3            35    0.10550458729267120     
           3            36    0.13043478131294250     
           3            37    0.22553192079067230     
           3            38     9.3023255467414856E-002
           3            39    0.29752066731452942     
           3            40    0.30350193381309509     
           3            41    0.33189654350280762     
           4             5    0.12711864709854126     
           4             6    0.36111110448837280     
           4             7    0.21705426275730133     
           4             8    0.29518070816993713     
           4             9    0.21705426275730133     
           4            10    0.41007193922996521     
           4            11    0.29530200362205505     
           4            12    0.25333333015441895     
           4            13    0.42148759961128235     
           4            14    0.17757008969783783     
           4            15    0.18750000000000000     
           4            16    0.36111110448837280     
           4            17    0.18750000000000000     
           4            18    0.18260869383811951     
           4            19    0.23404255509376526     
           4            20    0.18260869383811951     
           4            21    0.25560536980628967     
           4            22    0.42148759961128235     
           4            23    0.30000001192092896     
           4            24    0.23618090152740479     
           4            25    0.20338982343673706     
           4            26    0.41007193922996521     
           4            27    0.21084336936473846     
           4            28    0.13043478131294250     
           4            29    0.27218934893608093     
           4            30    0.18987341225147247     
           4            31    0.25888323783874512     
           4            32    0.30000001192092896     
           4            33    0.39333334565162659     
           4            34     9.2592589557170868E-002
           4            35    0.16161616146564484     
           4            36    0.19642856717109680     
           4            37    0.19117647409439087     
           4            38     9.0000003576278687E-002
           4            39    0.25333333015441895     
           4            40    0.18079096078872681     
           4            41    0.37593984603881836     
           5             6    0.15463916957378387     
           5             7    0.14285714924335480     
           5             8    0.10857142508029938     
           5             9    0.14285714924335480     
           5            10    0.12903225421905518     
           5            11    0.17006802558898926     
           5            12     7.0512823760509491E-002
           5            13    0.12686567008495331     
           5            14    0.10526315867900848     
           5            15     9.0322583913803101E-002
           5            16    0.15463916957378387     
           5            17     9.0322583913803101E-002
           5            18    0.18556700646877289     
           5            19    0.17692308127880096     
           5            20    0.18556700646877289     
           5            21    0.12608695030212402     
           5            22    0.12686567008495331     
           5            23    0.14024390280246735     
           5            24    0.14213198423385620     
           5            25    0.15662650763988495     
           5            26    0.12903225421905518     
           5            27    0.12500000000000000     
           5            28    0.12162162363529205     
           5            29    0.28476822376251221     
           5            30     9.1503269970417023E-002
           5            31     8.6124405264854431E-002
           5            32    0.14024390280246735     
           5            33     8.0459773540496826E-002
           5            34     6.1224490404129028E-002
           5            35    0.13253012299537659     
           5            36    0.12999999523162842     
           5            37    0.10156250000000000     
           5            38     4.7619048506021500E-002
           5            39     7.0512823760509491E-002
           5            40    0.33333334326744080     
           5            41    0.14084507524967194     
           6             7    0.22167487442493439     
           6             8    0.37219730019569397     
           6             9    0.22167487442493439     
           6            10    0.34112149477005005     
           6            11    0.44162437319755554     
           6            12    0.29767441749572754     
           6            13    0.24644549190998077     
           6            14    0.11855670064687729     
           6            15    0.23245614767074585     
           6            16     1.0000000000000000     
           6            17    0.23245614767074585     
           6            18    0.12935324013233185     
           6            19    0.23255814611911774     
           6            20    0.12935324013233185     
           6            21    0.44921875000000000     
           6            22    0.24644549190998077     
           6            23    0.41037735342979431     
           6            24    0.46521738171577454     
           6            25    0.23076923191547394     
           6            26    0.34112149477005005     
           6            27    0.29203540086746216     
           6            28     6.5573766827583313E-002
           6            29    0.39726027846336365     
           6            30    0.15289255976676941     
           6            31    0.26492536067962646     
           6            32    0.41037735342979431     
           6            33    0.40186914801597595     
           6            34     8.5020244121551514E-002
           6            35    0.11351351439952850     
           6            36    0.18421052396297455     
           6            37    0.34574466943740845     
           6            38    0.10497237741947174     
           6            39    0.29767441749572754     
           6            40    0.24481327831745148     
           6            41    0.29857820272445679     
           7             8    0.37106919288635254     
           7             9     1.0000000000000000     
           7            10    0.28387096524238586     
           7            11    0.37062937021255493     
           7            12    0.16463415324687958     
           7            13    0.25000000000000000     
           7            14    0.37234041094779968     
           7            15    0.22929936647415161     
           7            16    0.22167487442493439     
           7            17    0.22929936647415161     
           7            18    0.31132075190544128     
           7            19    0.22916667163372040     
           7            20    0.31132075190544128     
           7            21    0.19409282505512238     
           7            22    0.25000000000000000     
           7            23    0.13440860807895660     
           7            24    0.25757575035095215     
           7            25    0.34999999403953552     
           7            26    0.28387096524238586     
           7            27    0.43661972880363464     
           7            28    0.15053763985633850     
           7            29    0.16577540338039398     
           7            30    0.26490065455436707     
           7            31    0.13063062727451324     
           7            32    0.13440860807895660     
           7            33    0.15846994519233704     
           7            34     8.4337346255779266E-002
           7            35    0.19191919267177582     
           7            36    0.10483870655298233     
           7            37    0.17021276056766510     
           7            38     5.6603774428367615E-002
           7            39    0.16463415324687958     
           7            40    0.16483516991138458     
           7            41    0.19230769574642181     
           8             9    0.37106919288635254     
           8            10    0.31794872879981995     
           8            11    0.28282827138900757     
           8            12    0.27692309021949768     
           8            13    0.20103092491626740     
           8            14    0.13333334028720856     
           8            15    0.21844659745693207     
           8            16    0.37219730019569397     
           8            17    0.21844659745693207     
           8            18    0.13218390941619873     
           8            19    0.16915422677993774     
           8            20    0.13218390941619873     
           8            21    0.36947789788246155     
           8            22    0.20103092491626740     
           8            23    0.27488151192665100     
           8            24    0.25306123495101929     
           8            25    0.19650654494762421     
           8            26    0.31794872879981995     
           8            27    0.41621622443199158     
           8            28     8.5526317358016968E-002
           8            29    0.27188938856124878     
           8            30    0.16355140507221222     
           8            31    0.27160492539405823     
           8            32    0.27488151192665100     
           8            33    0.43617022037506104     
           8            34     9.1743119060993195E-002
           8            35    0.10691823810338974     
           8            36    0.14035087823867798     
           8            37    0.19251336157321930     
           8            38     7.5949363410472870E-002
           8            39    0.27692309021949768     
           8            40    0.13924050331115723     
           8            41    0.33333334326744080     
           9            10    0.28387096524238586     
           9            11    0.37062937021255493     
           9            12    0.16463415324687958     
           9            13    0.25000000000000000     
           9            14    0.37234041094779968     
           9            15    0.22929936647415161     
           9            16    0.22167487442493439     
           9            17    0.22929936647415161     
           9            18    0.31132075190544128     
           9            19    0.22916667163372040     
           9            20    0.31132075190544128     
           9            21    0.19409282505512238     
           9            22    0.25000000000000000     
           9            23    0.13440860807895660     
           9            24    0.25757575035095215     
           9            25    0.34999999403953552     
           9            26    0.28387096524238586     
           9            27    0.43661972880363464     
           9            28    0.15053763985633850     
           9            29    0.16577540338039398     
           9            30    0.26490065455436707     
           9            31    0.13063062727451324     
           9            32    0.13440860807895660     
           9            33    0.15846994519233704     
           9            34     8.4337346255779266E-002
           9            35    0.19191919267177582     
           9            36    0.10483870655298233     
           9            37    0.17021276056766510     
           9            38     5.6603774428367615E-002
           9            39    0.16463415324687958     
           9            40    0.16483516991138458     
           9            41    0.19230769574642181     
          10            11    0.40718561410903931     
          10            12    0.36904761195182800     
          10            13    0.25882354378700256     
          10            14    0.32283464074134827     
          10            15    0.21465969085693359     
          10            16    0.34112149477005005     
          10            17    0.21465969085693359     
          10            18    0.25352111458778381     
          10            19    0.24137930572032928     
          10            20    0.25352111458778381     
          10            21    0.40611353516578674     
          10            22    0.25882354378700256     
          10            23    0.28865978121757507     
          10            24    0.25764191150665283     
          10            25    0.36363637447357178     
          10            26     1.0000000000000000     
          10            27    0.22110553085803986     
          10            28     9.7744360566139221E-002
          10            29    0.35978835821151733     
          10            30    0.32947975397109985     
          10            31    0.33640551567077637     
          10            32    0.28865978121757507     
          10            33    0.49404761195182800     
          10            34    0.12307692319154739     
          10            35    0.15441176295280457     
          10            36    0.14285714924335480     
          10            37    0.16571427881717682     
          10            38     8.6330935359001160E-002
          10            39    0.36904761195182800     
          10            40    0.22439023852348328     
          10            41    0.36363637447357178     
          11            12    0.18229167163372040     
          11            13    0.31874999403953552     
          11            14    0.26923078298568726     
          11            15    0.20526315271854401     
          11            16    0.44162437319755554     
          11            17    0.20526315271854401     
          11            18    0.25000000000000000     
          11            19    0.26785713434219360     
          11            20    0.25000000000000000     
          11            21    0.29149797558784485     
          11            22    0.31874999403953552     
          11            23    0.21078431606292725     
          11            24    0.50000000000000000     
          11            25    0.43181818723678589     
          11            26    0.40718561410903931     
          11            27    0.32596686482429504     
          11            28    0.10852713137865067     
          11            29    0.25123152136802673     
          11            30    0.27528089284896851     
          11            31    0.18595041334629059     
          11            32    0.21078431606292725     
          11            33    0.21568627655506134     
          11            34     9.6446700394153595E-002
          11            35    0.23199999332427979     
          11            36    0.15333333611488342     
          11            37    0.24844720959663391     
          11            38     7.2463765740394592E-002
          11            39    0.18229167163372040     
          11            40    0.26530611515045166     
          11            41    0.24022346735000610     
          12            13    0.17714285850524902     
          12            14    0.14285714924335480     
          12            15    0.36585366725921631     
          12            16    0.29767441749572754     
          12            17    0.36585366725921631     
          12            18    0.14864864945411682     
          12            19    0.16853933036327362     
          12            20    0.14864864945411682     
          12            21    0.29752066731452942     
          12            22    0.17714285850524902     
          12            23    0.27368420362472534     
          12            24    0.16182573139667511     
          12            25    0.19323670864105225     
          12            26    0.36904761195182800     
          12            27    0.15763546526432037     
          12            28     6.9767445325851440E-002
          12            29    0.23267327249050140     
          12            30    0.15625000000000000     
          12            31    0.24778760969638824     
          12            32    0.27368420362472534     
          12            33    0.45508980751037598     
          12            34     9.8958335816860199E-002
          12            35     9.5588237047195435E-002
          12            36    0.11258278042078018     
          12            37    0.36111110448837280     
          12            38    0.25438597798347473     
          12            39     1.0000000000000000     
          12            40    0.12500000000000000     
          12            41    0.22598870098590851     
          13            14    0.20000000298023224     
          13            15    0.25301206111907959     
          13            16    0.24644549190998077     
          13            17    0.25301206111907959     
          13            18    0.22222222387790680     
          13            19    0.38129496574401855     
          13            20    0.22222222387790680     
          13            21    0.30701753497123718     
          13            22     1.0000000000000000     
          13            23    0.20212766528129578     
          13            24    0.40425533056259155     
          13            25    0.44374999403953552     
          13            26    0.25882354378700256     
          13            27    0.32727271318435669     
          13            28    0.14018692076206207     
          13            29    0.19487179815769196     
          13            30    0.21176470816135406     
          13            31    0.16157205402851105     
          13            32    0.20212766528129578     
          13            33    0.18848167359828949     
          13            34    0.10169491171836853     
          13            35    0.18750000000000000     
          13            36    0.18750000000000000     
          13            37    0.19205297529697418     
          13            38     7.6271183788776398E-002
          13            39    0.17714285850524902     
          13            40    0.29714286327362061     
          13            41    0.23312883079051971     
          14            15    0.13286712765693665     
          14            16    0.11855670064687729     
          14            17    0.13286712765693665     
          14            18    0.40259739756584167     
          14            19    0.19672131538391113     
          14            20    0.40259739756584167     
          14            21    0.14027149975299835     
          14            22    0.20000000298023224     
          14            23    0.11801242083311081     
          14            24    0.15343914926052094     
          14            25    0.31205675005912781     
          14            26    0.32283464074134827     
          14            27    0.18493150174617767     
          14            28    0.15151515603065491     
          14            29    0.11976047605276108     
          14            30    0.30081301927566528     
          14            31    0.12820513546466827     
          14            32    0.11801242083311081     
          14            33    0.16025641560554504     
          14            34     8.7591238319873810E-002
          14            35    0.20833332836627960     
          14            36     9.2783503234386444E-002
          14            37     8.9430890977382660E-002
          14            38     6.5789476037025452E-002
          14            39    0.14285714924335480     
          14            40    0.15286624431610107     
          14            41    0.13970588147640228     
          15            16    0.23245614767074585     
          15            17     1.0000000000000000     
          15            18    0.17808219790458679     
          15            19    0.29629629850387573     
          15            20    0.17808219790458679     
          15            21    0.38596490025520325     
          15            22    0.25301206111907959     
          15            23    0.16746412217617035     
          15            24    0.31775701045989990     
          15            25    0.35326087474822998     
          15            26    0.21465969085693359     
          15            27    0.30219781398773193     
          15            28     8.5271321237087250E-002
          15            29    0.21844659745693207     
          15            30    0.19148936867713928     
          15            31    0.15918366611003876     
          15            32    0.16746412217617035     
          15            33    0.20098039507865906     
          15            34    0.10937500000000000     
          15            35     9.4202898442745209E-002
          15            36    0.10389610379934311     
          15            37    0.42446044087409973     
          15            38    0.20833332836627960     
          15            39    0.36585366725921631     
          15            40    0.23115578293800354     
          15            41    0.17741934955120087     
          16            17    0.23245614767074585     
          16            18    0.12935324013233185     
          16            19    0.23255814611911774     
          16            20    0.12935324013233185     
          16            21    0.44921875000000000     
          16            22    0.24644549190998077     
          16            23    0.41037735342979431     
          16            24    0.46521738171577454     
          16            25    0.23076923191547394     
          16            26    0.34112149477005005     
          16            27    0.29203540086746216     
          16            28     6.5573766827583313E-002
          16            29    0.39726027846336365     
          16            30    0.15289255976676941     
          16            31    0.26492536067962646     
          16            32    0.41037735342979431     
          16            33    0.40186914801597595     
          16            34     8.5020244121551514E-002
          16            35    0.11351351439952850     
          16            36    0.18421052396297455     
          16            37    0.34574466943740845     
          16            38    0.10497237741947174     
          16            39    0.29767441749572754     
          16            40    0.24481327831745148     
          16            41    0.29857820272445679     
          17            18    0.17808219790458679     
          17            19    0.29629629850387573     
          17            20    0.17808219790458679     
          17            21    0.38596490025520325     
          17            22    0.25301206111907959     
          17            23    0.16746412217617035     
          17            24    0.31775701045989990     
          17            25    0.35326087474822998     
          17            26    0.21465969085693359     
          17            27    0.30219781398773193     
          17            28     8.5271321237087250E-002
          17            29    0.21844659745693207     
          17            30    0.19148936867713928     
          17            31    0.15918366611003876     
          17            32    0.16746412217617035     
          17            33    0.20098039507865906     
          17            34    0.10937500000000000     
          17            35     9.4202898442745209E-002
          17            36    0.10389610379934311     
          17            37    0.42446044087409973     
          17            38    0.20833332836627960     
          17            39    0.36585366725921631     
          17            40    0.23115578293800354     
          17            41    0.17741934955120087     
          18            19    0.41818180680274963     
          18            20     1.0000000000000000     
          18            21    0.16444444656372070     
          18            22    0.22222222387790680     
          18            23    0.13772454857826233     
          18            24    0.15151515603065491     
          18            25    0.30872482061386108     
          18            26    0.25352111458778381     
          18            27    0.17307692766189575     
          18            28    0.38709676265716553     
          18            29    0.15882353484630585     
          18            30    0.28787878155708313     
          18            31    0.14427860081195831     
          18            32    0.13772454857826233     
          18            33    0.12352941185235977     
          18            34     8.9041098952293396E-002
          18            35    0.15476191043853760     
          18            36     9.4339624047279358E-002
          18            37    0.14285714924335480     
          18            38     5.8139536529779434E-002
          18            39    0.14864864945411682     
          18            40    0.22435897588729858     
          18            41    0.31999999284744263     
          19            20    0.41818180680274963     
          19            21    0.32158589363098145     
          19            22    0.38129496574401855     
          19            23    0.21276596188545227     
          19            24    0.33668342232704163     
          19            25    0.39520958065986633     
          19            26    0.24137930572032928     
          19            27    0.30000001192092896     
          19            28    0.23999999463558197     
          19            29    0.23036649823188782     
          19            30    0.21637426316738129     
          19            31    0.18061673641204834     
          19            32    0.21276596188545227     
          19            33    0.16836734116077423     
          19            34    0.11299435049295425     
          19            35    0.13445378839969635     
          19            36    0.15789473056793213     
          19            37    0.19736842811107635     
          19            38     9.3220338225364685E-002
          19            39    0.16853933036327362     
          19            40    0.37125748395919800     
          19            41    0.41958042979240417     
          20            21    0.16444444656372070     
          20            22    0.22222222387790680     
          20            23    0.13772454857826233     
          20            24    0.15151515603065491     
          20            25    0.30872482061386108     
          20            26    0.25352111458778381     
          20            27    0.17307692766189575     
          20            28    0.38709676265716553     
          20            29    0.15882353484630585     
          20            30    0.28787878155708313     
          20            31    0.14427860081195831     
          20            32    0.13772454857826233     
          20            33    0.12352941185235977     
          20            34     8.9041098952293396E-002
          20            35    0.15476191043853760     
          20            36     9.4339624047279358E-002
          20            37    0.14285714924335480     
          20            38     5.8139536529779434E-002
          20            39    0.14864864945411682     
          20            40    0.22435897588729858     
          20            41    0.31999999284744263     
          21            22    0.30701753497123718     
          21            23    0.31496062874794006     
          21            24    0.41444867849349976     
          21            25    0.40663900971412659     
          21            26    0.40611353516578674     
          21            27    0.35123968124389648     
          21            28     7.9812206327915192E-002
          21            29    0.40909090638160706     
          21            30    0.22178988158702850     
          21            31    0.36000001430511475     
          21            32    0.31496062874794006     
          21            33    0.37860083580017090     
          21            34    0.13059701025485992     
          21            35    0.10550458729267120     
          21            36    0.13043478131294250     
          21            37    0.22553192079067230     
          21            38     9.3023255467414856E-002
          21            39    0.29752066731452942     
          21            40    0.30350193381309509     
          21            41    0.33189654350280762     
          22            23    0.20212766528129578     
          22            24    0.40425533056259155     
          22            25    0.44374999403953552     
          22            26    0.25882354378700256     
          22            27    0.32727271318435669     
          22            28    0.14018692076206207     
          22            29    0.19487179815769196     
          22            30    0.21176470816135406     
          22            31    0.16157205402851105     
          22            32    0.20212766528129578     
          22            33    0.18848167359828949     
          22            34    0.10169491171836853     
          22            35    0.18750000000000000     
          22            36    0.18750000000000000     
          22            37    0.19205297529697418     
          22            38     7.6271183788776398E-002
          22            39    0.17714285850524902     
          22            40    0.29714286327362061     
          22            41    0.23312883079051971     
          23            24    0.23966942727565765     
          23            25    0.17105263471603394     
          23            26    0.28865978121757507     
          23            27    0.17511521279811859     
          23            28     7.4829928576946259E-002
          23            29    0.26886790990829468     
          23            30    0.14150942862033844     
          23            31    0.28510639071464539     
          23            32     1.0000000000000000     
          23            33    0.40641710162162781     
          23            34     8.9622639119625092E-002
          23            35     9.7402594983577728E-002
          23            36    0.37226277589797974     
          23            37    0.16756756603717804     
          23            38     9.3959733843803406E-002
          23            39    0.27368420362472534     
          23            40    0.17410714924335480     
          23            41    0.31666666269302368     
          24            25    0.39269405603408813     
          24            26    0.25764191150665283     
          24            27    0.41545894742012024     
          24            28     7.1038253605365753E-002
          24            29    0.24796748161315918     
          24            30    0.19658119976520538     
          24            31    0.16040955483913422     
          24            32    0.23966942727565765     
          24            33    0.18503937125205994     
          24            34     8.4677420556545258E-002
          24            35    0.13736264407634735     
          24            36    0.17708332836627960     
          24            37    0.28282827138900757     
          24            38     8.6486488580703735E-002
          24            39    0.16182573139667511     
          24            40    0.38073393702507019     
          24            41    0.20614035427570343     
          25            26    0.36363637447357178     
          25            27    0.34715026617050171     
          25            28    0.12413793057203293     
          25            29    0.22869955003261566     
          25            30    0.36464089155197144     
          25            31    0.19921875000000000     
          25            32    0.17105263471603394     
          25            33    0.18584071099758148     
          25            34    0.13461539149284363     
          25            35    0.20000000298023224     
          25            36    0.12865497171878815     
          25            37    0.15706805884838104     
          25            38     6.3291139900684357E-002
          25            39    0.19323670864105225     
          25            40    0.38860103487968445     
          25            41    0.21608039736747742     
          26            27    0.22110553085803986     
          26            28     9.7744360566139221E-002
          26            29    0.35978835821151733     
          26            30    0.32947975397109985     
          26            31    0.33640551567077637     
          26            32    0.28865978121757507     
          26            33    0.49404761195182800     
          26            34    0.12307692319154739     
          26            35    0.15441176295280457     
          26            36    0.14285714924335480     
          26            37    0.16571427881717682     
          26            38     8.6330935359001160E-002
          26            39    0.36904761195182800     
          26            40    0.22439023852348328     
          26            41    0.36363637447357178     
          27            28     9.4202898442745209E-002
          27            29    0.19090908765792847     
          27            30    0.21134020388126373     
          27            31    0.18473894894123077     
          27            32    0.17511521279811859     
          27            33    0.18518517911434174     
          27            34    0.14285714924335480     
          27            35    0.15714286267757416     
          27            36    0.12422360479831696     
          27            37    0.20809248089790344     
          27            38     7.5862072408199310E-002
          27            39    0.15763546526432037     
          27            40    0.26108375191688538     
          27            41    0.19791667163372040     
          28            29     7.8431375324726105E-002
          28            30    0.12195122241973877     
          28            31     7.6086953282356262E-002
          28            32     7.4829928576946259E-002
          28            33     7.4324324727058411E-002
          28            34     6.7226894199848175E-002
          28            35    0.10169491171836853     
          28            36     9.0909093618392944E-002
          28            37     7.6923079788684845E-002
          28            38     3.5087719559669495E-002
          28            39     6.9767445325851440E-002
          28            40    0.10416666418313980     
          28            41    0.20909090340137482     
          29            30    0.13698630034923553     
          29            31    0.26122447848320007     
          29            32    0.26886790990829468     
          29            33    0.30434781312942505     
          29            34     7.2072073817253113E-002
          29            35    0.14285714924335480     
          29            36    0.10795454680919647     
          29            37    0.18617020547389984     
          29            38     7.5949363410472870E-002
          29            39    0.23267327249050140     
          29            40    0.41361257433891296     
          29            41    0.31891891360282898     
          30            31    0.38235294818878174     
          30            32    0.14150942862033844     
          30            33    0.17961165308952332     
          30            34    0.35256409645080566     
          30            35    0.12878787517547607     
          30            36     9.0909093618392944E-002
          30            37    0.10734463483095169     
          30            38     5.1470588892698288E-002
          30            39    0.15625000000000000     
          30            40    0.15714286267757416     
          30            41    0.17934782803058624     
          31            32    0.28510639071464539     
          31            33    0.36486485600471497     
          31            34    0.32843136787414551     
          31            35     9.4240836799144745E-002
          31            36    0.11764705926179886     
          31            37     9.8712444305419922E-002
          31            38     6.2827222049236298E-002
          31            39    0.24778760969638824     
          31            40    0.13909775018692017     
          31            41    0.31279620528221130     
          32            33    0.40641710162162781     
          32            34     8.9622639119625092E-002
          32            35     9.7402594983577728E-002
          32            36    0.37226277589797974     
          32            37    0.16756756603717804     
          32            38     9.3959733843803406E-002
          32            39    0.27368420362472534     
          32            40    0.17410714924335480     
          32            41    0.31666666269302368     
          33            34    0.12077295035123825     
          33            35    0.10389610379934311     
          33            36    0.15243902802467346     
          33            37    0.18579235672950745     
          33            38    0.10810811072587967     
          33            39    0.45508980751037598     
          33            40    0.13304720818996429     
          33            41    0.39181286096572876     
          34            35     5.3435113281011581E-002
          34            36     5.3691275417804718E-002
          34            37     8.1871345639228821E-002
          34            38     5.6000001728534698E-002
          34            39     9.8958335816860199E-002
          34            40     6.9124422967433929E-002
          34            41     8.9947089552879333E-002
          35            36    0.10465116053819656     
          35            37     9.8214283585548401E-002
          35            38     2.9411764815449715E-002
          35            39     9.5588237047195435E-002
          35            40    0.15646257996559143     
          35            41    0.10769230872392654     
          36            37    0.11811023950576782     
          36            38     5.9523809701204300E-002
          36            39    0.11258278042078018     
          36            40    0.13173653185367584     
          36            41    0.13194444775581360     
          37            38    0.25806450843811035     
          37            39    0.36111110448837280     
          37            40    0.16042780876159668     
          37            41    0.14371258020401001     
          38            39    0.25438597798347473     
          38            40     5.8064516633749008E-002
          38            41     5.3435113281011581E-002
          39            40    0.12500000000000000     
          39            41    0.22598870098590851     
          40            41    0.20812182128429413     
